20 20
-8 12 -7 -4 -8 -5 -5 -1 14 5 7 6 5 -9 -3 -2 9 7 16 -7 
-4 2 13 -1 4 -1 11 3 -10 11 10 -3 7 0 -3 12 6 -7 0 12 
16 -6 -10 0 0 -8 -1 -6 10 10 15 14 0 -1 7 -10 2 4 -7 6 
4 0 -5 -7 -3 -4 6 0 -7 -3 -1 3 7 5 5 11 5 1 8 2 
-9 -10 13 8 -9 -7 8 11 5 11 0 4 15 8 -2 -2 5 2 0 -2 
8 5 0 7 11 15 -2 9 4 0 -2 -1 13 -6 -1 -1 2 9 0 -9 
10 0 -8 3 -3 13 7 -9 -10 6 -1 0 2 -2 0 0 4 8 14 9 
-2 0 -2 6 -1 -7 6 12 -3 -2 -9 11 11 13 11 0 -8 -5 2 15 
-8 10 13 15 15 5 -1 4 -9 -4 7 5 4 0 2 0 -1 13 1 -3 
15 13 -3 10 13 0 7 0 -3 -4 8 0 -6 0 1 0 12 -7 13 0 
0 13 -7 12 0 1 0 -6 0 8 -4 -3 0 7 0 13 10 -3 13 15 
-3 1 13 -1 0 2 0 4 5 7 -4 -9 4 -1 5 15 15 13 10 -8 
15 2 -5 -8 0 11 13 11 11 -9 -2 -3 12 6 -7 -1 6 -2 0 -2 
9 14 8 4 0 0 -2 2 0 -1 6 -10 -9 7 13 -3 3 -8 0 10 
-9 0 9 2 -1 -1 -6 13 -1 -2 0 4 9 -2 15 11 7 0 5 8 
-2 0 2 5 -2 -2 8 15 4 0 11 5 11 8 -7 -9 8 13 -10 -9 
2 8 1 5 11 5 5 7 3 -1 -3 -7 0 6 -4 -3 -7 -5 0 4 
6 -7 4 2 -10 7 -1 0 14 15 10 10 -6 -1 -8 0 0 -10 -6 16 
12 0 -7 6 12 -3 0 7 -3 10 11 -10 3 11 -1 4 -1 13 2 -4 
-7 16 7 9 -2 -3 -9 5 6 7 5 14 -1 -5 -5 -8 -4 -7 12 -8 
4
18 5 10
18 11 13
11 11 9
19 1 13
40
7 1
12 18
10 6
9 13
3 1
16 18
14 1
5 18
6 11
13 8
14 10
5 9
13 4
6 15
16 12
3 7
10 14
9 5
10 0
9 19
5 2
14 17
4 10
15 9
2 12
17 7
4 18
15 1
17 15
2 4
10 4
9 15
6 1
13 18
11 6
8 13
1 18
18 1
18 6
1 13
8
9 16 9
10 10 17
11 7 11
12 14 15
13 12 6
14 11 4
15 0 3
16 0 12
1 5 1
2 9 4
3 12 7
4 11 15
5 0 1
6 10 18
7 14 16
8 14 19
0 0 0 1 0 0 0 1 1 1 1 0 1 0 0 0 0 0 0 0 
0 0 0 1 1 1 1 1 1 1 1 1 1 0 0 0 0 0 0 0 
0 0 0 1 0 0 1 0 1 1 1 1 0 0 0 0 0 0 0 0 
0 0 0 0 0 1 1 0 0 0 1 0 0 0 0 0 0 0 0 0 
0 0 0 0 0 0 0 1 1 1 0 0 0 0 0 0 0 0 0 0 
0 0 0 0 0 0 0 0 0 0 0 0 0 0 0 0 0 0 0 0 
0 0 0 0 0 0 0 0 1 0 0 0 1 0 0 0 1 0 0 0 
0 0 1 0 0 1 0 0 0 0 0 1 0 1 0 1 1 0 0 0 
0 1 0 0 0 0 0 0 1 0 0 1 1 0 0 1 1 0 0 0 
1 1 1 0 0 0 0 0 0 0 1 0 0 0 0 0 0 0 0 0 
0 1 0 0 0 0 0 0 0 1 0 0 0 1 0 0 0 1 0 0 
0 1 1 0 1 0 0 0 0 0 0 0 1 0 1 0 0 0 0 0 
1 1 0 0 1 0 1 0 0 0 0 0 1 1 0 1 0 0 0 0 
1 1 1 1 0 1 0 1 0 0 0 0 0 1 1 0 0 0 0 0 
0 0 1 1 0 0 0 1 0 0 0 1 1 0 1 1 0 0 0 0 
0 0 0 1 1 1 1 1 0 0 1 0 1 1 0 0 0 0 0 0 
0 0 0 1 1 0 1 1 1 1 0 0 0 1 0 0 0 1 0 1 
0 0 0 1 0 1 0 0 1 1 0 1 0 1 0 0 1 0 0 1 
0 0 0 0 1 0 0 0 1 1 1 0 1 1 1 1 0 1 1 0 
0 0 0 0 0 0 0 0 1 1 0 1 0 1 0 1 0 0 1 0 
0 1 0 0 1 0 1 0 0 0 0 0 0 0 0 0 1 1 1 0 
0 1 1 0 0 0 0 0 0 0 0 0 0 0 1 1 0 0 0 1 
1 0 0 0 0 0 0 0 0 0 0 0 0 1 1 0 1 0 0 1 
1 0 0 0 0 0 0 0 0 0 0 1 1 1 1 1 1 1 1 0 
0 0 1 1 0 0 0 0 0 0 0 0 1 1 0 1 1 0 0 0 
1 1 0 1 1 1 0 0 0 0 0 0 0 0 0 0 0 1 0 0 
1 0 0 1 0 1 1 0 0 0 0 0 0 0 0 0 0 1 1 1 
0 0 0 1 1 0 1 1 0 0 0 0 0 0 0 0 0 0 1 1 
0 0 1 1 1 1 1 1 0 0 0 0 0 0 1 0 0 1 0 0 
0 0 0 1 1 0 1 1 0 0 0 1 1 0 1 0 1 0 1 0 
0 0 0 0 0 1 0 1 1 0 0 0 0 0 0 1 1 0 1 0 
0 0 0 1 0 0 0 0 1 0 0 0 0 0 0 1 1 1 0 0 
0 0 0 1 0 0 0 1 1 0 0 0 0 0 0 0 1 1 0 0 
0 0 0 0 0 0 0 0 0 0 0 0 0 0 0 0 1 0 0 1 
0 0 0 0 0 0 0 0 0 0 0 0 0 0 0 0 1 0 1 1 
0 0 0 0 0 0 0 0 0 0 0 0 0 0 0 0 0 1 0 0 
0 0 0 0 0 0 0 0 0 0 0 0 0 0 0 0 0 0 0 0 
0 0 0 0 0 0 0 0 0 0 0 0 0 0 0 0 0 0 0 0 
0 0 0 0 0 0 0 0 0 0 0 0 0 0 0 0 0 0 0 0 
0 0 0 0 0 0 0 0 0 0 0 0 0 0 0 0 0 0 0 0 
60